437503402543441555
437503402543441564
437503402543441775
437503402543550555
437503402543550564
437503402543550775
437503402543563555
437503402543563560
437503402543563753
437503402543563762
437503402543672555
437503402543672564
437503402543676551
437503402543676560
437503402543676753
437503402543676762
437503402543676775
437503402543763555
437503402543763564
437503402543767551
437503402543767560
437503402543767753
437503402543767762
437503402543767775
437503402543772551
437503402543772555
437503402543772564
437503402543772753
437503402543772775
437503402543776551
437503402543776555
437503402543776560
437503402543776753
437503402543776762
437503402552441555
437503402552441564
437503402552441757
437503402552445560
437503402552445762
437503402552541555
437503402552541560
437503402552541564
437503402552541757
437503402552541762
437503402552545560
437503402552545564
437503402552545762
437503402552676560
437503402552676762
437503402552767560
437503402552767762
437503402552772555
437503402552772564
437503402552772757
437503402552776555
437503402552776560
437503402552776757
437503402552776762
437503402561445753
437503402561454555
437503402561454757
437503402561541555
437503402561541564
437503402561541757
437503402561541766
437503402561545542
437503402561545564
437503402561545753
437503402561545766
437503402561550542
437503402561550555
437503402561550564
437503402561550757
437503402561550766
437503402561554753
437503402561676542
437503402561676753
437503402561754555
437503402561754564
437503402561754757
437503402561767542
437503402561767753
437503402561776542
437503402561776555
437503402561776753
437503402561776757
437503402565441542
437503402565441757
437503402565441775
437503402565454560
437503402565454757
437503402565454762
437503402565541560
437503402565541757
437503402565541762
437503402565541775
437503402565550542
437503402565550757
437503402565550775
437503402565554551
437503402565554560
437503402565554753
437503402565554762
437503402565554775
437503402565663560
437503402565663757
437503402565663762
437503402565672542
437503402565672757
437503402565754560
437503402565754757
437503402565754762
437503402565754775
437503402565763542
437503402565763757
437503402565772542
437503402565772551
437503402565772753
437503402565772757
437503402565772775
437503402752445560
437503402752445775
437503402752454555
437503402752454560
437503402752454757
437503402752545542
437503402752545560
437503402752545564
437503402752545766
437503402752545775
437503402752554560
437503402752554775
437503402752563542
437503402752563555
437503402752563560
437503402752563757
437503402752663555
437503402752663560
437503402752663757
437503402752676542
437503402752676560
437503402752676775
437503402752763542
437503402752763555
437503402752763564
437503402752763757
437503402752763766
437503402752767542
437503402752767560
437503402752767775
437503402752776542
437503402752776555
437503402752776560
437503402752776757
437503402756441564
437503402756441775
437503402756541560
437503402756541564
437503402756541762
437503402756541775
437503402756550564
437503402756550775
437503402756563560
437503402756563753
437503402756563762
437503402756663560
437503402756663762
437503402756672564
437503402756763564
437503402756767551
437503402756767560
437503402756767753
437503402756767762
437503402756767775
437503402756772551
437503402756772564
437503402756772753
437503402756772775
437503402756776551
437503402756776560
437503402756776753
437503402756776762
437503402765441555
437503402765441757
437503402765541555
437503402765541560
437503402765541757
437503402765541762
437503402765545560
437503402765545753
437503402765545762
437503402765550555
437503402765550757
437503402765672555
437503402765672757
437503402765676560
437503402765676753
437503402765676762
437503402765772555
437503402765772753
437503402765772757
437503402765776555
437503402765776560
437503402765776753
437503402765776757
437503402765776762
437503402774441542
437503402774441555
437503402774441564
437503402774441757
437503402774441766
437503402774445753
437503402774445762
437503402774541555
437503402774541564
437503402774541757
437503402774541762
437503402774541766
437503402774545542
437503402774545564
437503402774545753
437503402774545762
437503402774545766
437503402774550542
437503402774550555
437503402774550564
437503402774550757
437503402774550766
437503402774554753
437503402774554762
437503402774676542
437503402774676753
437503402774676762
437503402774754555
437503402774754564
437503402774754757
437503402774754762
437503402774767542
437503402774767753
437503402774767762
437503442543401555
437503442543401560
437503442543401564
437503442543401775
437503442543510555
437503442543510560
437503442543510564
437503442543510775
437503442543563555
437503442543563560
437503442543563722
437503442543676560
437503442543676722
437503442543676775
437503442543727555
437503442543727560
437503442543727564
437503442543727722
437503442543727775
437503442543763555
437503442543763564
437503442543763722
437503442543767560
437503442543767722
437503442543767775
437503442543772555
437503442543772564
437503442543772722
437503442543772775
437503442543776555
437503442543776560
437503442543776722
437503442561401555
437503442561401564
437503442561401757
437503442561401766
437503442561445722
437503442561454555
437503442561454722
437503442561454757
437503442561510555
437503442561510564
437503442561510757
437503442561510766
437503442561545564
437503442561545722
437503442561545766
437503442561554722
437503442561676722
437503442561727555
437503442561727564
437503442561727722
437503442561727757
437503442561727766
437503442561767722
437503442561776555
437503442561776722
437503442561776757
437503442565454560
437503442565454722
437503442565454757
437503442565510560
437503442565510757
437503442565510775
437503442565554560
437503442565554722
437503442565554775
437503442565663560
437503442565663722
437503442565663757
437503442565727560
437503442565727722
437503442565727757
437503442565727775
437503442565763722
437503442565763757
437503442712445560
437503442712445775
437503442712454555
437503442712454560
437503442712454757
437503442712545560
437503442712545564
437503442712545766
437503442712545775
437503442712554560
437503442712554775
437503442712563555
437503442712563560
437503442712563757
437503442712663555
437503442712663560
437503442712663757
437503442712676560
437503442712676775
437503442712763555
437503442712763564
437503442712763757
437503442712763766
437503442712767560
437503442712767775
437503442712776555
437503442712776560
437503442712776757
437503442756401560
437503442756401564
437503442756401775
437503442756510560
437503442756510564
437503442756510775
437503442756563560
437503442756563722
437503442756663560
437503442756663722
437503442756727560
437503442756727564
437503442756727722
437503442756727775
437503442756763564
437503442756763722
437503442756767560
437503442756767722
437503442756767775
437503442756772564
437503442756772722
437503442756772775
437503442756776560
437503442756776722
437503442765401555
437503442765401560
437503442765401757
437503442765510555
437503442765510560
437503442765510757
437503442765545560
437503442765545722
437503442765676560
437503442765676722
437503442765727555
437503442765727560
437503442765727722
437503442765727757
437503442765772555
437503442765772722
437503442765772757
437503442765776555
437503442765776560
437503442765776722
437503442765776757
437503442774445722
437503442774510555
437503442774510564
437503442774510757
437503442774510766
437503442774545564
437503442774545722
437503442774545766
437503442774554722
437503442774676722
437503442774767722
437503446561401564
437503446561401753
437503446561510564
437503446561510753
437503446561550564
437503446561550722
437503446561727564
437503446561727722
437503446561727753
437503446561767722
437503446561767753
437503446561776722
437503446561776753
437503446565441722
437503446565441775
437503446565510551
437503446565510560
437503446565510753
437503446565510762
437503446565510775
437503446565550722
437503446565550775
437503446565672722
437503446565727551
437503446565727560
437503446565727722
437503446565727753
437503446565727762
437503446565727775
437503446565763722
437503446565772551
437503446565772722
437503446565772753
437503446565772775
437503446712441564
437503446712441775
437503446712541560
437503446712541564
437503446712541762
437503446712541775
437503446712550564
437503446712550775
437503446712563560
437503446712563753
437503446712563762
437503446712663560
437503446712663762
437503446712672564
437503446712763564
437503446712772551
437503446712772564
437503446712772753
437503446712772775
437503446712776551
437503446712776560
437503446712776753
437503446712776762
437503446752401560
437503446752401564
437503446752401775
437503446752510560
437503446752510564
437503446752510775
437503446752563560
437503446752563722
437503446752663560
437503446752663722
437503446752727560
437503446752727564
437503446752727722
437503446752727775
437503446752763564
437503446752763722
437503446752767560
437503446752767722
437503446752767775
437503446752772564
437503446752772722
437503446752772775
437503446752776560
437503446752776722
437503446774401564
437503446774401753
437503446774401762
437503446774441564
437503446774441722
437503446774510564
437503446774510753
437503446774510762
437503446774541564
437503446774541722
437503446774541762
437503446774550564
437503446774550722
437503446774727564
437503446774727722
437503446774727753
437503446774727762
437503446774767722
437503446774767753
437503446774767762
437503455543401560
437503455543401753
437503455543401762
437503455543441722
437503455543510560
437503455543510753
437503455543510762
437503455543550722
437503455543672722
437503455543676560
437503455543676722
437503455543676753
437503455543676762
437503455543727560
437503455543727722
437503455543727753
437503455543727762
437503455543772722
437503455543772753
437503455543776560
437503455543776722
437503455543776753
437503455543776762
437503455712441542
437503455712541560
437503455712541762
437503455712550542
437503455712672542
437503455712676542
437503455712676560
437503455712676753
437503455712676762
437503455712754560
437503455712754762
437503455712772542
437503455712772753
437503455712776542
437503455712776560
437503455712776753
437503455712776762
437503455752401542
437503455752401560
437503455752510542
437503455752510560
437503455752676542
437503455752676560
437503455752676722
437503455752727542
437503455752727560
437503455752727722
437503455752772542
437503455752772722
437503455752776542
437503455752776560
437503455752776722
437503464543401551
437503464543401555
437503464543401753
437503464543401762
437503464543441555
437503464543441722
437503464543510551
437503464543510555
437503464543510753
437503464543510762
437503464543550555
437503464543550722
437503464543676551
437503464543676722
437503464543676753
437503464543676762
437503464543727551
437503464543727555
437503464543727722
437503464543727753
437503464543727762
437503464543763555
437503464543763722
437503464543767551
437503464543767722
437503464543767753
437503464543767762
437503464552401555
437503464552401757
437503464552401762
437503464552441555
437503464552441722
437503464552441757
437503464552445722
437503464552445762
437503464552510555
437503464552510757
437503464552510762
437503464552541555
437503464552541722
437503464552541757
437503464552541762
437503464552545722
437503464552545762
437503464552676722
437503464552676762
437503464552727555
437503464552727722
437503464552727757
437503464552727762
437503464552767722
437503464552767762
437503464565401542
437503464565401551
437503464565401753
437503464565401757
437503464565401762
437503464565441542
437503464565441722
437503464565441757
437503464565510542
437503464565510551
437503464565510753
437503464565510757
437503464565510762
437503464565541722
437503464565541757
437503464565541762
437503464565545542
437503464565545551
437503464565545722
437503464565545753
437503464565545762
437503464565550542
437503464565550722
437503464565550757
437503464565727542
437503464565727551
437503464565727722
437503464565727753
437503464565727757
437503464565727762
437503464565754722
437503464565754757
437503464565754762
437503464565763542
437503464565763722
437503464565763757
437503464712441542
437503464712441555
437503464712441757
437503464712445551
437503464712445753
437503464712445762
437503464712541555
437503464712541757
437503464712541762
437503464712545542
437503464712545551
437503464712545753
437503464712545762
437503464712550542
437503464712550555
437503464712550757
437503464712676542
437503464712676551
437503464712676753
437503464712676762
437503464712754555
437503464712754757
437503464712754762
437503464712763542
437503464712763555
437503464712763757
437503464712767542
437503464712767551
437503464712767753
437503464712767762
437503464752401542
437503464752401555
437503464752401757
437503464752445722
437503464752510542
437503464752510555
437503464752510757
437503464752545542
437503464752545722
437503464752676542
437503464752676722
437503464752727542
437503464752727555
437503464752727722
437503464752727757
437503464752763542
437503464752763555
437503464752763722
437503464752763757
437503464752767542
437503464752767722
437503464756401551
437503464756401753
437503464756401762
437503464756441722
437503464756510551
437503464756510753
437503464756510762
437503464756541722
437503464756541762
437503464756550722
437503464756727551
437503464756727722
437503464756727753
437503464756727762
437503464756763722
437503464756767551
437503464756767722
